COMMAND: git diff --cached --check
CWD: D:\Projects\Nexus
STARTED_AT: 2026-05-27T15:23:24.2332028+08:00
EXIT_CODE: 0
ENDED_AT: 2026-05-27T15:23:24.2784883+08:00
