COMMAND: python -m compileall -q nexus/mq
STARTED_AT: 2026-05-28T15:28:37.5136010+08:00
EXIT_CODE: 0
ENDED_AT: 2026-05-28T15:28:37.6163787+08:00
