COMMAND: python -m compileall -q nexus/mq
STARTED_AT: 2026-05-28T15:02:57.2417800+08:00
EXIT_CODE: 0
ENDED_AT: 2026-05-28T15:02:57.3390779+08:00
